Armature Current vs Exciting Current
Exciting Current (A)
Armature Current (A)
5.314724	2076.452794
12.788928	2032.272948
20.263397	1988.093101
27.737864	1943.913254
35.212329	1899.733407
42.687895	1855.553561
50.163808	1811.373714
57.639719	1767.193867
65.115628	1723.014021
72.639101	1678.834174
80.329972	1634.654327
88.020840	1590.474481
95.711706	1546.294634
103.402571	1502.114787
111.093520	1457.934941
118.786553	1413.755094
126.481182	1369.575247
134.178081	1325.395401
141.981619	1281.215554
150.423208	1237.035707
158.878053	1192.855861
167.385688	1148.676014
175.893320	1104.496167
184.400950	1060.316320
192.908577	1016.136474
201.416202	971.956627
209.923824	927.776780
218.561185	883.596934
228.269867	839.417087
237.980092	795.237240
247.690314	751.057394
257.400532	706.877547
267.110747	662.697700
276.820959	618.517854
286.531167	574.338007
296.241371	530.158160
306.057163	485.978314
317.014195	441.798467
327.971223	397.618620
338.967766	353.438773
349.975439	309.258927
360.989378	265.079080
372.008756	220.899233
383.029549	176.719387
394.050337	132.539540
405.178464	88.359693
417.855461	44.179847
430.532452	0.000000
443.209437	44.179847
455.886416	88.359693
468.655317	132.539540
481.497579	176.719387
494.339835	220.899233
507.224309	265.079080
520.513472	309.258927
538.622928	353.438773
556.748668	397.618620
574.874399	441.798467
593.000119	485.978314
611.125830	530.158160
629.239772	574.338007
647.444334	618.517854
665.818286	662.697700
690.628307	706.877547
717.442938	751.057394
744.257125	795.237240
771.070867	839.417087
797.884166	883.596934
824.697021	927.776780
851.572069	971.956627
878.468825	1016.136474
905.365135	1060.316320
932.311591	1104.496167
962.015540	1148.676014
1006.626801	1192.855861
1051.237344	1237.035707
1095.847170	1281.215554
1140.456279	1325.395401
1185.064670	1369.575247
1229.672343	1413.755094
1274.338558	1457.934941
1319.058599	1502.114787
1363.853203	1546.294634
1423.970484	1590.474481
1498.208737	1634.654327
1572.443331	1678.834174
1646.773794	1723.014021
1721.741532	1767.193867
1796.705609	1811.373714
1871.666025	1855.553561
1946.622780	1899.733407
2023.033158	1943.913254
2106.953657	1988.093101
2190.870070	2032.272948
2274.782397	2076.452794
2359.758295	2120.632641
2445.223320	2164.812488
2530.734504	2208.992334
Air-Gap Power = 0 Rated Power
5.761370	2208.992334
8.875399	2168.493097
12.921008	2127.993859
17.591126	2087.494622
22.779654	2046.995384
28.310180	2006.496147
34.078226	1965.996909
40.027676	1925.497672
46.143120	1884.998434
52.432547	1844.499197
58.852611	1803.999959
65.335607	1763.500722
71.872181	1723.001484
78.452255	1682.502247
85.069267	1642.003009
91.801860	1601.503772
98.719734	1561.004534
105.656530	1520.505297
112.610369	1480.006060
119.579739	1439.506822
126.564559	1399.007585
133.563826	1358.508347
140.579292	1318.009110
147.607114	1277.509872
155.137559	1237.010635
162.925941	1196.511397
170.721882	1156.012160
178.526110	1115.512922
186.339454	1075.013685
194.228743	1034.514447
202.137343	994.015210
210.057515	953.515972
217.990922	913.016735
226.411757	872.517497
235.540544	832.018260
244.690730	791.519022
253.865704	751.019785
263.070600	710.520547
272.311810	670.021310
281.597454	629.522072
290.938074	589.022835
300.347675	548.523597
310.034866	508.024360
320.901044	467.525122
331.940814	427.025885
343.269141	386.526647
354.959052	346.027410
367.220387	305.528172
380.496240	265.028935
395.996089	224.529697
431.367103	184.030460
468.389230	224.529697
486.456192	265.028935
501.926551	305.528172
516.258406	346.027410
533.642902	386.526647
552.319710	427.025885
570.592050	467.525122
588.571327	508.024360
606.331634	548.523597
623.923427	589.022835
641.369012	629.522072
658.949149	670.021310
678.807365	710.520547
704.259105	751.019785
729.620096	791.519022
754.904046	832.018260
780.121972	872.517497
805.282834	913.016735
830.394001	953.515972
855.533830	994.015210
880.642218	1034.514447
905.716388	1075.013685
930.786484	1115.512922
956.061065	1156.012160
997.341233	1196.511397
1038.773437	1237.010635
1080.171684	1277.509872
1121.538998	1318.009110
1162.878041	1358.508347
1204.191166	1399.007585
1245.480464	1439.506822
1286.806932	1480.006060
1328.160123	1520.505297
1369.603514	1561.004534
1427.421231	1601.503772
1495.997218	1642.003009
1564.545486	1682.502247
1633.067711	1723.001484
1702.045333	1763.500722
1771.207536	1803.999959
1840.347565	1844.499197
1909.466601	1884.998434
1978.565729	1925.497672
2052.168533	1965.996909
2129.498647	2006.496147
2206.809539	2046.995384
2284.150476	2087.494622
2362.475664	2127.993859
2441.180152	2168.493097
2519.905820	2208.992334
Air-Gap Power = 0.1 Rated Power
42.742707	2208.992334
43.596961	2172.171619
45.167150	2135.350904
47.363186	2098.530188
50.101646	2061.709473
53.292155	2024.888758
56.883047	1988.068042
60.812998	1951.247327
65.024830	1914.426612
69.508350	1877.605897
74.199229	1840.785181
79.073374	1803.964466
84.112880	1767.143751
89.315397	1730.323035
94.687372	1693.502320
100.155567	1656.681605
105.710568	1619.860889
111.343833	1583.040174
117.046837	1546.219459
122.851058	1509.398743
128.991087	1472.578028
135.174413	1435.757313
141.398826	1398.936598
147.662605	1362.115882
153.966314	1325.295167
160.313551	1288.474452
166.700533	1251.653736
173.288342	1214.833021
180.538316	1178.012306
187.817332	1141.191590
195.128082	1104.370875
202.473690	1067.550160
209.857812	1030.729444
217.284755	993.908729
224.759642	957.088014
232.288616	920.267299
240.361332	883.446583
249.316247	846.625868
258.376450	809.805153
267.538616	772.984437
276.824401	736.163722
286.261710	699.343007
295.887450	662.522291
305.751967	625.701576
315.926580	588.880861
327.679661	552.060146
340.367238	515.239430
354.101392	478.418715
369.506362	441.598000
388.379746	404.777284
433.213327	367.956569
482.008709	404.777284
504.035950	441.598000
522.002006	478.418715
542.853197	515.239430
563.828383	552.060146
583.761134	588.880861
602.894689	625.701576
621.429783	662.522291
639.501216	699.343007
657.367644	736.163722
675.012226	772.984437
700.389857	809.805153
725.526669	846.625868
750.400113	883.446583
775.047674	920.267299
799.499729	957.088014
823.781213	993.908729
847.951040	1030.729444
872.026321	1067.550160
895.983335	1104.370875
919.834618	1141.191590
943.719868	1178.012306
973.058618	1214.833021
1012.249316	1251.653736
1051.321111	1288.474452
1090.284383	1325.295167
1129.148293	1362.115882
1167.920962	1398.936598
1206.609619	1435.757313
1245.220724	1472.578028
1283.760066	1509.398743
1322.268362	1546.219459
1360.818843	1583.040174
1406.823999	1619.860889
1470.522068	1656.681605
1534.228360	1693.502320
1597.853241	1730.323035
1661.401645	1767.143751
1724.959271	1803.964466
1789.016911	1840.785181
1853.009512	1877.605897
1916.940647	1914.426612
1980.813618	1951.247327
2048.575828	1988.068042
2119.979271	2024.888758
2191.326993	2061.709473
2262.621734	2098.530188
2334.567827	2135.350904
2406.930536	2172.171619
2479.448032	2208.992334
Air-Gap Power = 0.2 Rated Power
77.925227	2208.992334
78.468203	2175.848058
79.423056	2142.703781
80.766052	2109.559505
82.468723	2076.415228
84.505164	2043.270951
86.865760	2010.126675
89.502607	1976.982398
92.398169	1943.838122
95.547031	1910.693845
98.906987	1877.549568
102.461863	1844.405292
106.206157	1811.261015
110.150548	1778.116739
114.243503	1744.972462
118.471446	1711.828185
122.824220	1678.683909
127.323750	1645.539632
131.991330	1612.395356
136.768726	1579.251079
141.641012	1546.106802
146.600112	1512.962526
151.640646	1479.818249
156.808854	1446.673973
162.281924	1413.529696
167.821178	1380.385419
173.425884	1347.241143
179.096003	1314.096866
184.865970	1280.952590
190.718187	1247.808313
196.638315	1214.664036
203.246059	1181.519760
210.148482	1148.375483
217.121364	1115.231207
224.175007	1082.086930
231.313780	1048.942653
238.548064	1015.798377
245.890440	982.654100
253.356327	949.509824
261.737864	916.365547
270.856565	883.221271
280.191408	850.076994
289.790245	816.932717
299.717718	783.788441
310.157630	750.644164
321.193268	717.499888
333.095907	684.355611
347.864956	651.211334
364.760871	618.067058
385.921543	584.922781
436.202028	551.778505
492.596667	584.922781
517.307236	618.067058
538.255349	651.211334
562.553986	684.355611
584.712415	717.499888
605.408636	750.644164
625.272799	783.788441
644.306944	816.932717
662.835489	850.076994
680.951298	883.221271
706.639078	916.365547
732.009968	949.509824
756.900782	982.654100
781.389497	1015.798377
805.529112	1048.942653
829.363073	1082.086930
852.964644	1115.231207
876.364087	1148.375483
899.549063	1181.519760
922.541504	1214.664036
945.456895	1247.808313
971.153904	1280.952590
1008.624055	1314.096866
1045.873549	1347.241143
1082.920870	1380.385419
1119.782386	1413.529696
1156.472655	1446.673973
1193.004680	1479.818249
1229.390113	1512.962526
1265.639440	1546.106802
1301.762122	1579.251079
1337.766727	1612.395356
1373.758499	1645.539632
1421.364663	1678.683909
1480.829835	1711.828185
1540.180804	1744.972462
1599.385424	1778.116739
1658.452107	1811.261015
1717.388599	1844.405292
1776.202052	1877.549568
1835.051855	1910.693845
1894.255188	1943.838122
1953.352079	1976.982398
2012.347890	2010.126675
2078.007010	2043.270951
2143.865353	2076.415228
2209.625923	2109.559505
2275.293275	2142.703781
2341.628995	2175.848058
2408.203134	2208.992334
Air-Gap Power = 0.3 Rated Power
111.791441	2208.992334
112.426189	2179.522416
113.306803	2150.052499
114.426038	2120.582581
115.779554	2091.112663
117.352136	2061.642745
119.134510	2032.172827
121.129092	2002.702910
123.318750	1973.232992
125.691338	1943.763074
128.234769	1914.293156
130.956747	1884.823238
133.835200	1855.353320
136.863933	1825.883403
140.032148	1796.413485
143.351024	1766.943567
146.810281	1737.473649
150.391245	1708.003731
154.096805	1678.533814
157.912425	1649.063896
161.855173	1619.593978
165.960369	1590.124060
170.162528	1560.654142
174.459727	1531.184225
178.851274	1501.714307
183.345730	1472.244389
187.935490	1442.774471
192.889646	1413.304553
197.941433	1383.834635
203.080106	1354.364718
208.308124	1324.894800
213.631252	1295.424882
219.054222	1265.954964
224.580958	1236.485046
230.890258	1207.015129
237.545946	1177.545211
244.364328	1148.075293
251.320349	1118.605375
258.432047	1089.135457
265.721705	1059.665539
273.217396	1030.195622
281.334280	1000.725704
290.880141	971.255786
300.819145	941.785868
311.252737	912.315950
322.330039	882.846033
334.282502	853.376115
347.504257	823.906197
364.771492	794.436279
387.390691	764.966361
440.540944	735.496443
501.843539	764.966361
528.300196	794.436279
551.014974	823.906197
576.582664	853.376115
599.651144	882.846033
620.985763	912.315950
641.041300	941.785868
660.110332	971.255786
678.773857	1000.725704
700.202174	1030.195622
726.116672	1059.665539
751.336206	1089.135457
775.959962	1118.605375
800.067325	1148.075293
823.701445	1177.545211
846.934882	1207.015129
869.882371	1236.485046
892.517780	1265.954964
914.867724	1295.424882
936.959749	1324.894800
958.984810	1354.364718
987.503119	1383.834635
1023.273418	1413.304553
1058.740095	1442.774471
1093.927121	1472.244389
1128.855829	1501.714307
1163.545292	1531.184225
1198.012621	1560.654142
1232.273229	1590.124060
1266.341048	1619.593978
1300.228704	1649.063896
1333.947682	1678.533814
1367.529450	1708.003731
1403.632929	1737.473649
1458.854393	1766.943567
1514.010279	1796.413485
1569.076596	1825.883403
1623.975536	1855.353320
1678.684257	1884.823238
1733.212677	1914.293156
1787.569994	1943.763074
1841.764763	1973.232992
1895.804943	2002.702910
1949.697957	2032.172827
2003.962717	2061.642745
2062.829020	2091.112663
2123.390652	2120.582581
2183.812786	2150.052499
2244.101514	2179.522416
2304.465335	2208.992334
Air-Gap Power = 0.4 Rated Power
145.387853	2208.992334
146.173187	2183.194699
147.113414	2157.397063
148.207444	2131.599428
149.454671	2105.801793
150.847001	2080.004157
152.380874	2054.206522
154.059338	2028.408886
155.880463	2002.611251
157.833617	1976.813615
159.914297	1951.015980
162.120804	1925.218344
164.461551	1899.420709
166.920299	1873.623074
169.493491	1847.825438
172.180969	1822.027803
174.978837	1796.230167
177.910158	1770.432532
180.949616	1744.634896
184.091717	1718.837261
187.333910	1693.039625
190.674931	1667.241990
194.122746	1641.444354
197.745952	1615.646719
201.464739	1589.849084
205.278926	1564.051448
209.191009	1538.253813
213.200445	1512.456177
217.308730	1486.658542
221.675361	1460.860906
226.269106	1435.063271
230.979516	1409.265635
235.803121	1383.468000
240.746700	1357.670365
245.816128	1331.872729
251.021531	1306.075094
256.815313	1280.277458
263.263787	1254.479823
269.890668	1228.682187
276.719820	1202.884552
283.781083	1177.086916
291.123786	1151.289281
298.830125	1125.491646
307.771257	1099.694010
318.074842	1073.896375
329.079417	1048.098739
341.036782	1022.301104
354.355852	996.503468
369.912246	970.705833
392.879485	944.908197
447.420682	919.110562
510.523957	944.908197
537.921761	970.705833
560.117758	996.503468
586.371164	1022.301104
609.900464	1048.098739
631.512885	1073.896375
651.701126	1099.694010
670.783382	1125.491646
689.231372	1151.289281
710.081682	1177.086916
735.407575	1202.884552
759.976536	1228.682187
784.154120	1254.479823
807.726248	1280.277458
830.765805	1306.075094
853.333148	1331.872729
875.536340	1357.670365
897.368475	1383.468000
918.839841	1409.265635
939.999681	1435.063271
960.976760	1460.860906
983.732716	1486.658542
1017.806321	1512.456177
1051.505469	1538.253813
1084.858366	1564.051448
1117.890203	1589.849084
1150.623570	1615.646719
1183.078807	1641.444354
1215.274291	1667.241990
1247.226684	1693.039625
1278.951140	1718.837261
1310.461478	1744.634896
1341.770341	1770.432532
1372.900679	1796.230167
1404.046031	1822.027803
1455.116132	1847.825438
1506.122016	1873.623074
1556.871094	1899.420709
1607.376454	1925.218344
1657.650250	1951.015980
1707.718378	1976.813615
1757.706834	2002.611251
1807.492982	2028.408886
1857.086083	2054.206522
1906.494803	2080.004157
1955.727265	2105.801793
2004.791096	2131.599428
2057.146524	2157.397063
2111.755634	2183.194699
2166.622600	2208.992334
Air-Gap Power = 0.5 Rated Power
179.439508	2208.992334
180.358996	2186.864908
181.382460	2164.737482
182.506511	2142.610056
183.729872	2120.482630
185.051996	2098.355204
186.475524	2076.227778
188.001095	2054.100353
189.622245	2031.972927
191.336823	2009.845501
193.144444	1987.718075
195.046321	1965.590649
197.048705	1943.463223
199.142502	1921.335797
201.326054	1899.208371
203.599128	1877.080945
205.960051	1854.953519
208.417406	1832.826093
210.980458	1810.698667
213.632566	1788.571241
216.373550	1766.443815
219.201706	1744.316389
222.117601	1722.188963
225.122051	1700.061537
228.284487	1677.934111
231.541417	1655.806685
234.890786	1633.679259
238.342370	1611.551833
241.892930	1589.424407
245.543605	1567.296981
249.310920	1545.169555
253.448799	1523.042129
257.699808	1500.914703
262.070888	1478.787277
266.570264	1456.659851
271.210417	1434.532425
276.014296	1412.405000
280.987782	1390.277574
287.040421	1368.150148
293.378154	1346.022722
299.960652	1323.895296
306.826724	1301.767870
314.026755	1279.640444
321.628020	1257.513018
330.286736	1235.385592
340.904289	1213.258166
352.561841	1191.130740
365.627078	1169.003314
380.911265	1146.875888
402.282545	1124.748462
456.890616	1102.621036
518.993302	1124.748462
546.598191	1146.875888
568.045285	1169.003314
592.699893	1191.130740
616.190844	1213.258166
637.657770	1235.385592
657.620546	1257.513018
676.420069	1279.640444
694.411950	1301.767870
711.739702	1323.895296
736.083114	1346.022722
759.986713	1368.150148
783.140092	1390.277574
805.637055	1412.405000
827.554404	1434.532425
848.955902	1456.659851
870.076556	1478.787277
890.961163	1500.914703
911.459338	1523.042129
931.605547	1545.169555
951.429798	1567.296981
971.062689	1589.424407
991.824337	1611.551833
1023.660256	1633.679259
1055.097110	1655.806685
1086.162829	1677.934111
1116.882514	1700.061537
1147.278819	1722.188963
1177.372257	1744.316389
1207.181468	1766.443815
1236.723444	1788.571241
1266.013715	1810.698667
1295.066518	1832.826093
1323.894934	1854.953519
1352.511013	1877.080945
1380.936683	1899.208371
1409.348848	1921.335797
1454.155740	1943.463223
1500.659767	1965.590649
1546.885740	1987.718075
1592.846637	2009.845501
1638.554575	2031.972927
1684.020882	2054.100353
1729.256168	2076.227778
1774.270384	2098.355204
1819.072874	2120.482630
1863.672423	2142.610056
1908.111468	2164.737482
1952.462601	2186.864908
1996.632071	2208.992334
Air-Gap Power = 0.6 Rated Power
214.576733	2208.992334
215.595079	2190.533048
216.681470	2172.073763
217.839102	2153.614477
219.069019	2135.155191
220.365646	2116.695905
221.728972	2098.236619
223.159377	2079.777333
224.657193	2061.318047
226.222435	2042.858761
227.863783	2024.399476
229.573236	2005.940190
231.350034	1987.480904
233.194691	1969.021618
235.109047	1950.562332
237.092606	1932.103046
239.150798	1913.643760
241.295240	1895.184474
243.510541	1876.725189
245.797657	1858.265903
248.158152	1839.806617
250.591997	1821.347331
253.102451	1802.888045
255.691497	1784.428759
258.421912	1765.969473
261.233004	1747.510187
264.126810	1729.050902
267.106779	1710.591616
270.176982	1692.132330
273.340049	1673.673044
276.602611	1655.213758
280.109087	1636.754472
283.847079	1618.295186
287.701172	1599.835901
291.679894	1581.376615
295.793950	1562.917329
300.056581	1544.458043
304.484541	1525.998757
309.209105	1507.539471
314.972543	1489.080185
320.990368	1470.620899
327.298183	1452.161614
333.941672	1433.702328
340.984084	1415.243042
348.515968	1396.783756
357.803476	1378.324470
368.827851	1359.865184
381.228269	1341.405898
395.806187	1322.946612
415.244018	1304.487327
468.586910	1286.028041
527.810532	1304.487327
554.487421	1322.946612
575.447471	1341.405898
595.792505	1359.865184
618.753712	1378.324470
639.660548	1396.783756
659.022652	1415.243042
677.175193	1433.702328
694.349877	1452.161614
710.901070	1470.620899
727.200028	1489.080185
750.133783	1507.539471
772.285064	1525.998757
793.744789	1544.458043
814.592040	1562.917329
834.892590	1581.376615
854.701805	1599.835901
874.066787	1618.295186
893.069888	1636.754472
911.723579	1655.213758
930.037870	1673.673044
948.039669	1692.132330
965.856390	1710.591616
983.684310	1729.050902
1002.577608	1747.510187
1031.537860	1765.969473
1060.118521	1784.428759
1088.343614	1802.888045
1116.234929	1821.347331
1143.807545	1839.806617
1171.058952	1858.265903
1198.031072	1876.725189
1224.739123	1895.184474
1251.197112	1913.643760
1277.417961	1932.103046
1303.413620	1950.562332
1329.195163	1969.021618
1354.772870	1987.480904
1380.156306	2005.940190
1405.466631	2024.399476
1436.789096	2042.858761
1478.210562	2061.318047
1519.467299	2079.777333
1560.460959	2098.236619
1601.202403	2116.695905
1641.701844	2135.155191
1681.968900	2153.614477
1722.012637	2172.073763
1761.841615	2190.533048
1801.463920	2208.992334
Air-Gap Power = 0.7 Rated Power
251.530355	2208.992334
252.609115	2194.199123
253.732796	2179.405911
254.901714	2164.612699
256.116210	2149.819488
257.381441	2135.026276
258.696982	2120.233064
260.059265	2105.439853
261.468766	2090.646641
262.926020	2075.853429
264.433290	2061.060218
265.989563	2046.267006
267.595435	2031.473794
269.257371	2016.680583
270.984857	2001.887371
272.765037	1987.094159
274.599275	1972.300948
276.487600	1957.507736
278.431223	1942.714524
280.431480	1927.921313
282.489847	1913.128101
284.608935	1898.334889
286.834104	1883.541678
289.135836	1868.748466
291.504492	1853.955254
293.941473	1839.162043
296.450384	1824.368831
299.034384	1809.575619
301.696279	1794.782408
304.440100	1779.989196
307.329670	1765.195984
310.484466	1750.402773
313.738604	1735.609561
317.102524	1720.816349
320.585098	1706.023138
324.193599	1691.229926
327.939815	1676.436714
331.839848	1661.643503
336.045969	1646.850291
341.196658	1632.057079
346.581364	1617.263868
352.236165	1602.470656
358.207677	1587.677444
364.563621	1572.884233
371.395003	1558.091021
379.407860	1543.297809
389.591684	1528.504598
401.088173	1513.711386
414.652052	1498.918174
432.238735	1484.124963
482.204369	1469.331751
537.177617	1484.124963
562.279659	1498.918174
581.858919	1513.711386
598.453461	1528.504598
617.326405	1543.297809
637.164922	1558.091021
655.484653	1572.884233
672.611118	1587.677444
688.770250	1602.470656
704.125979	1617.263868
718.880854	1632.057079
733.197615	1646.850291
750.189131	1661.643503
770.221704	1676.436714
789.635723	1691.229926
808.496294	1706.023138
826.858292	1720.816349
844.774470	1735.609561
862.294552	1750.402773
879.437218	1765.195984
896.242245	1779.989196
912.772625	1794.782408
929.005523	1809.575619
944.962086	1824.368831
960.661209	1839.162043
976.119860	1853.955254
991.426809	1868.748466
1006.611148	1883.541678
1028.375716	1898.334889
1053.090422	1913.128101
1077.500104	1927.921313
1101.744912	1942.714524
1125.945296	1957.507736
1149.880982	1972.300948
1173.565187	1987.094159
1197.010149	2001.887371
1220.227221	2016.680583
1243.226960	2031.473794
1266.019197	2046.267006
1288.613104	2061.060218
1310.998028	2075.853429
1333.194926	2090.646641
1355.217580	2105.439853
1377.073056	2120.233064
1398.767999	2135.026276
1420.452597	2149.819488
1448.902535	2164.612699
1484.369081	2179.405911
1519.701902	2194.199123
1554.809501	2208.992334
Air-Gap Power = 0.8 Rated Power
291.365797	2208.992334
292.449710	2197.863134
293.564331	2186.733935
294.709591	2175.604735
295.885900	2164.475535
297.093762	2153.346335
298.335961	2142.217135
299.624142	2131.087935
300.945600	2119.958735
302.301448	2108.829536
303.692533	2097.700336
305.119242	2086.571136
306.583233	2075.441936
308.084318	2064.312736
309.623443	2053.183536
311.201630	2042.054336
312.819982	2030.925136
314.497518	2019.795937
316.245466	2008.666737
318.037838	1997.537537
319.876372	1986.408337
321.762842	1975.279137
323.698762	1964.149937
325.687653	1953.020737
327.731093	1941.891538
329.830607	1930.762338
331.988943	1919.633138
334.209151	1908.503938
336.680081	1897.374738
339.229748	1886.245538
341.854742	1875.116338
344.560160	1863.987139
347.351803	1852.857939
350.237009	1841.728739
353.224151	1830.599539
356.326752	1819.470339
359.553448	1808.341139
363.203523	1797.211939
367.488287	1786.082739
371.959326	1774.953540
376.642547	1763.824340
381.570594	1752.695140
386.785581	1741.565940
392.343399	1730.436740
398.320960	1719.307540
405.820046	1708.178340
414.868471	1697.049141
425.117067	1685.919941
437.247693	1674.790741
453.025546	1663.661541
497.763495	1652.532341
546.436358	1663.661541
569.237379	1674.790741
586.983490	1685.919941
602.063911	1697.049141
615.395772	1708.178340
630.085155	1719.307540
646.558640	1730.436740
661.934634	1741.565940
676.413154	1752.695140
690.155385	1763.824340
703.435013	1774.953540
716.159105	1786.082739
728.398517	1797.211939
740.381975	1808.341139
751.999423	1819.470339
766.936001	1830.599539
783.463753	1841.728739
799.553850	1852.857939
815.244431	1863.987139
830.568594	1875.116338
845.555273	1886.245538
860.229933	1897.374738
874.615120	1908.503938
888.730901	1919.633138
902.595233	1930.762338
916.253597	1941.891538
929.706846	1953.020737
942.951808	1964.149937
956.013317	1975.279137
968.893021	1986.408337
981.597203	1997.537537
994.135104	2008.666737
1006.609892	2019.795937
1018.973207	2030.925136
1035.689960	2042.054336
1055.939615	2053.183536
1075.964614	2064.312736
1095.775019	2075.441936
1115.380207	2086.571136
1134.788942	2097.700336
1154.009419	2108.829536
1173.049320	2119.958735
1191.915854	2131.087935
1210.615797	2142.217135
1229.155527	2153.346335
1247.541054	2164.475535
1265.966138	2175.604735
1284.335293	2186.733935
1302.563284	2197.863134
1320.655015	2208.992334
Air-Gap Power = 0.9 Rated Power
336.077245	2208.992334
337.102489	2201.525087
338.147601	2194.057840
339.213025	2186.590593
340.299896	2179.123346
341.408278	2171.656099
342.552691	2164.188852
343.737563	2156.721605
344.945800	2149.254358
346.177741	2141.787111
347.434064	2134.319864
348.715491	2126.852617
350.022793	2119.385370
351.356857	2111.918123
352.719351	2104.450877
354.110380	2096.983630
355.531333	2089.516383
356.983222	2082.049136
358.466946	2074.581889
359.983785	2067.114642
361.535487	2059.647395
363.260693	2052.180148
365.029333	2044.712901
366.838705	2037.245654
368.690872	2029.778407
370.588102	2022.311160
372.532897	2014.843913
374.528028	2007.376666
376.577094	1999.909419
378.684055	1992.442172
380.851971	1984.974925
383.087633	1977.507678
385.393398	1970.040431
387.802012	1962.573184
390.845579	1955.105937
393.992176	1947.638690
397.255345	1940.171443
400.643870	1932.704196
404.171796	1925.236949
407.856870	1917.769702
411.721003	1910.302455
415.791776	1902.835208
420.104726	1895.367961
424.706969	1887.900714
430.794655	1880.433467
437.623763	1872.966220
445.173222	1865.498973
453.738982	1858.031726
463.920770	1850.564479
477.198924	1843.097232
515.376971	1835.629985
555.074147	1843.097232
574.556349	1850.564479
589.528896	1858.031726
602.308310	1865.498973
613.651370	1872.966220
623.931100	1880.433467
633.405966	1887.900714
643.187603	1895.367961
655.551000	1902.835208
667.269831	1910.302455
678.429075	1917.769702
689.105275	1925.236949
699.359211	1932.704196
709.240092	1940.171443
718.788416	1947.638690
728.037975	1955.105937
737.017314	1962.573184
745.750798	1970.040431
754.392256	1977.507678
762.831480	1984.974925
771.140937	1992.442172
782.990257	1999.909419
795.126836	2007.376666
807.017986	2014.843913
818.679676	2022.311160
830.126272	2029.778407
841.370747	2037.245654
852.424867	2044.712901
863.299340	2052.180148
874.003942	2059.647395
884.547627	2067.114642
894.938620	2074.581889
905.184497	2082.049136
915.292252	2089.516383
925.278398	2096.983630
935.162205	2104.450877
944.925526	2111.918123
954.573580	2119.385370
964.111238	2126.852617
973.543051	2134.319864
982.873283	2141.787111
992.105933	2149.254358
1001.244758	2156.721605
1010.293291	2164.188852
1019.335720	2171.656099
1028.310917	2179.123346
1037.204323	2186.590593
1051.216819	2194.057840
1065.919608	2201.525087
1080.504431	2208.992334
Air-Gap Power = 1 Rated Power
