Air-Gap Permeance at No Load
Electric Degree
(H/m^2)
0	2.53097e-05
1	2.59781e-05
2	2.66464e-05
3	2.73148e-05
4	2.79832e-05
5	2.86516e-05
6	3.07387e-05
7	3.29224e-05
8	3.51061e-05
9	3.84506e-05
10	4.23073e-05
11	4.66537e-05
12	5.18285e-05
13	5.71164e-05
14	6.23965e-05
15	6.67801e-05
16	7.00488e-05
17	7.23237e-05
18	7.37577e-05
19	7.4599e-05
20	7.50454e-05
21	7.51885e-05
22	7.53316e-05
23	7.54748e-05
24	7.55607e-05
25	7.55752e-05
26	7.55897e-05
27	7.56042e-05
28	7.56091e-05
29	7.56106e-05
30	7.5612e-05
31	7.56134e-05
32	7.56136e-05
33	7.56137e-05
34	7.56139e-05
35	7.5614e-05
36	7.5614e-05
37	7.5614e-05
38	7.5614e-05
39	7.5614e-05
40	7.5614e-05
41	7.5614e-05
42	7.5614e-05
43	7.5614e-05
44	7.5614e-05
45	7.5614e-05
46	7.5614e-05
47	7.5614e-05
48	7.5614e-05
49	7.5614e-05
50	7.5614e-05
51	7.5614e-05
52	7.5614e-05
53	7.5614e-05
54	7.5614e-05
55	7.5614e-05
56	7.5614e-05
57	7.5614e-05
58	7.5614e-05
59	7.5614e-05
60	7.5614e-05
61	7.5614e-05
62	7.5614e-05
63	7.5614e-05
64	7.5614e-05
65	7.5614e-05
66	7.5614e-05
67	7.5614e-05
68	7.5614e-05
69	7.5614e-05
70	7.5614e-05
71	7.5614e-05
72	7.5614e-05
73	7.5614e-05
74	7.5614e-05
75	7.5614e-05
76	7.5614e-05
77	7.5614e-05
78	7.5614e-05
79	7.5614e-05
80	7.5614e-05
81	7.5614e-05
82	7.5614e-05
83	7.5614e-05
84	7.5614e-05
85	7.5614e-05
86	7.5614e-05
87	7.5614e-05
88	7.5614e-05
89	7.5614e-05
90	7.5614e-05
91	7.5614e-05
92	7.5614e-05
93	7.5614e-05
94	7.5614e-05
95	7.5614e-05
96	7.5614e-05
97	7.5614e-05
98	7.5614e-05
99	7.5614e-05
100	7.5614e-05
101	7.5614e-05
102	7.5614e-05
103	7.5614e-05
104	7.5614e-05
105	7.5614e-05
106	7.5614e-05
107	7.5614e-05
108	7.5614e-05
109	7.5614e-05
110	7.5614e-05
111	7.5614e-05
112	7.5614e-05
113	7.5614e-05
114	7.5614e-05
115	7.5614e-05
116	7.5614e-05
117	7.5614e-05
118	7.5614e-05
119	7.5614e-05
120	7.5614e-05
121	7.5614e-05
122	7.5614e-05
123	7.5614e-05
124	7.5614e-05
125	7.5614e-05
126	7.5614e-05
127	7.5614e-05
128	7.5614e-05
129	7.5614e-05
130	7.5614e-05
131	7.5614e-05
132	7.5614e-05
133	7.5614e-05
134	7.5614e-05
135	7.5614e-05
136	7.5614e-05
137	7.5614e-05
138	7.5614e-05
139	7.5614e-05
140	7.5614e-05
141	7.5614e-05
142	7.5614e-05
143	7.5614e-05
144	7.5614e-05
145	7.5614e-05
146	7.56139e-05
147	7.56137e-05
148	7.56136e-05
149	7.56134e-05
150	7.5612e-05
151	7.56106e-05
152	7.56091e-05
153	7.56042e-05
154	7.55897e-05
155	7.55752e-05
156	7.55607e-05
157	7.54748e-05
158	7.53316e-05
159	7.51885e-05
160	7.50454e-05
161	7.4599e-05
162	7.37577e-05
163	7.23237e-05
164	7.00488e-05
165	6.67801e-05
166	6.23965e-05
167	5.71164e-05
168	5.18285e-05
169	4.66537e-05
170	4.23073e-05
171	3.84506e-05
172	3.51061e-05
173	3.29224e-05
174	3.07387e-05
175	2.86516e-05
176	2.79832e-05
177	2.73148e-05
178	2.66464e-05
179	2.59781e-05
180	2.53097e-05
181	2.59781e-05
182	2.66464e-05
183	2.73148e-05
184	2.79832e-05
185	2.86516e-05
186	3.07387e-05
187	3.29224e-05
188	3.51061e-05
189	3.84506e-05
190	4.23073e-05
191	4.66537e-05
192	5.18285e-05
193	5.71164e-05
194	6.23965e-05
195	6.67801e-05
196	7.00488e-05
197	7.23237e-05
198	7.37577e-05
199	7.4599e-05
200	7.50454e-05
201	7.51885e-05
202	7.53316e-05
203	7.54748e-05
204	7.55607e-05
205	7.55752e-05
206	7.55897e-05
207	7.56042e-05
208	7.56091e-05
209	7.56106e-05
210	7.5612e-05
211	7.56134e-05
212	7.56136e-05
213	7.56137e-05
214	7.56139e-05
215	7.5614e-05
216	7.5614e-05
217	7.5614e-05
218	7.5614e-05
219	7.5614e-05
220	7.5614e-05
221	7.5614e-05
222	7.5614e-05
223	7.5614e-05
224	7.5614e-05
225	7.5614e-05
226	7.5614e-05
227	7.5614e-05
228	7.5614e-05
229	7.5614e-05
230	7.5614e-05
231	7.5614e-05
232	7.5614e-05
233	7.5614e-05
234	7.5614e-05
235	7.5614e-05
236	7.5614e-05
237	7.5614e-05
238	7.5614e-05
239	7.5614e-05
240	7.5614e-05
241	7.5614e-05
242	7.5614e-05
243	7.5614e-05
244	7.5614e-05
245	7.5614e-05
246	7.5614e-05
247	7.5614e-05
248	7.5614e-05
249	7.5614e-05
250	7.5614e-05
251	7.5614e-05
252	7.5614e-05
253	7.5614e-05
254	7.5614e-05
255	7.5614e-05
256	7.5614e-05
257	7.5614e-05
258	7.5614e-05
259	7.5614e-05
260	7.5614e-05
261	7.5614e-05
262	7.5614e-05
263	7.5614e-05
264	7.5614e-05
265	7.5614e-05
266	7.5614e-05
267	7.5614e-05
268	7.5614e-05
269	7.5614e-05
270	7.5614e-05
271	7.5614e-05
272	7.5614e-05
273	7.5614e-05
274	7.5614e-05
275	7.5614e-05
276	7.5614e-05
277	7.5614e-05
278	7.5614e-05
279	7.5614e-05
280	7.5614e-05
281	7.5614e-05
282	7.5614e-05
283	7.5614e-05
284	7.5614e-05
285	7.5614e-05
286	7.5614e-05
287	7.5614e-05
288	7.5614e-05
289	7.5614e-05
290	7.5614e-05
291	7.5614e-05
292	7.5614e-05
293	7.5614e-05
294	7.5614e-05
295	7.5614e-05
296	7.5614e-05
297	7.5614e-05
298	7.5614e-05
299	7.5614e-05
300	7.5614e-05
301	7.5614e-05
302	7.5614e-05
303	7.5614e-05
304	7.5614e-05
305	7.5614e-05
306	7.5614e-05
307	7.5614e-05
308	7.5614e-05
309	7.5614e-05
310	7.5614e-05
311	7.5614e-05
312	7.5614e-05
313	7.5614e-05
314	7.5614e-05
315	7.5614e-05
316	7.5614e-05
317	7.5614e-05
318	7.5614e-05
319	7.5614e-05
320	7.5614e-05
321	7.5614e-05
322	7.5614e-05
323	7.5614e-05
324	7.5614e-05
325	7.5614e-05
326	7.56139e-05
327	7.56137e-05
328	7.56136e-05
329	7.56134e-05
330	7.5612e-05
331	7.56106e-05
332	7.56091e-05
333	7.56042e-05
334	7.55897e-05
335	7.55752e-05
336	7.55607e-05
337	7.54748e-05
338	7.53316e-05
339	7.51885e-05
340	7.50454e-05
341	7.4599e-05
342	7.37577e-05
343	7.23237e-05
344	7.00488e-05
345	6.67801e-05
346	6.23965e-05
347	5.71164e-05
348	5.18285e-05
349	4.66537e-05
350	4.23073e-05
351	3.84506e-05
352	3.51061e-05
353	3.29224e-05
354	3.07387e-05
355	2.86516e-05
356	2.79832e-05
357	2.73148e-05
358	2.66464e-05
359	2.59781e-05
360	2.53097e-05
Air-Gap Permeance