Induced Coil Voltages at No Load
Electric Degree
(Volts)
0	0.000000
1	1.963592
2	3.972477
3	6.058428
4	8.226036
5	10.607323
6	13.105903
7	15.961903
8	19.036256
9	22.600097
10	26.477626
11	30.926041
12	35.591232
13	40.287494
14	44.986556
15	48.617174
16	51.132626
17	52.377254
18	53.621882
19	54.866510
20	55.701632
21	55.836944
22	55.972257
23	56.107570
24	56.166201
25	56.179842
26	56.193482
27	56.207123
28	56.209455
29	56.210820
30	56.212185
31	56.213258
32	56.213268
33	56.213277
34	56.213287
35	56.213296
36	56.213306
37	56.213315
38	56.213325
39	56.213334
40	56.213344
41	56.213353
42	56.213363
43	56.213372
44	56.213382
45	56.213391
46	56.213401
47	56.213410
48	56.213420
49	56.213429
50	56.213439
51	56.213448
52	56.213458
53	56.213467
54	56.213477
55	56.213486
56	56.213496
57	56.213505
58	56.213515
59	56.213524
60	56.213534
61	56.213543
62	56.213553
63	56.213562
64	56.213572
65	56.213581
66	56.213591
67	56.213600
68	56.213610
69	56.213619
70	56.213629
71	56.213638
72	56.213648
73	56.213657
74	56.213667
75	56.213676
76	56.213686
77	56.213695
78	56.213705
79	56.213714
80	56.213724
81	56.213733
82	56.213743
83	56.213752
84	56.213762
85	56.213771
86	56.213781
87	56.213790
88	56.213800
89	56.213809
90	56.213819
91	56.213809
92	56.213800
93	56.213790
94	56.213781
95	56.213771
96	56.213762
97	56.213752
98	56.213743
99	56.213733
100	56.213724
101	56.213714
102	56.213705
103	56.213695
104	56.213686
105	56.213676
106	56.213667
107	56.213657
108	56.213648
109	56.213638
110	56.213629
111	56.213619
112	56.213610
113	56.213600
114	56.213591
115	56.213581
116	56.213572
117	56.213562
118	56.213553
119	56.213543
120	56.213534
121	56.213524
122	56.213515
123	56.213505
124	56.213496
125	56.213486
126	56.213477
127	56.213467
128	56.213458
129	56.213448
130	56.213439
131	56.213429
132	56.213420
133	56.213410
134	56.213401
135	56.213391
136	56.213382
137	56.213372
138	56.213363
139	56.213353
140	56.213344
141	56.213334
142	56.213325
143	56.213315
144	56.213306
145	56.213296
146	56.213287
147	56.213277
148	56.213268
149	56.213258
150	56.212185
151	56.210820
152	56.209455
153	56.207123
154	56.193482
155	56.179842
156	56.166201
157	56.107570
158	55.972257
159	55.836944
160	55.701632
161	54.866510
162	53.621882
163	52.377254
164	51.132626
165	48.617174
166	44.986556
167	40.287494
168	35.591232
169	30.926041
170	26.477626
171	22.600097
172	19.036256
173	15.961903
174	13.105903
175	10.607323
176	8.226036
177	6.058428
178	3.972477
179	1.963592
180	0.000000
181	-1.963592
182	-3.972477
183	-6.058428
184	-8.226036
185	-10.607323
186	-13.105903
187	-15.961903
188	-19.036256
189	-22.600097
190	-26.477626
191	-30.926041
192	-35.591232
193	-40.287494
194	-44.986556
195	-48.617174
196	-51.132626
197	-52.377254
198	-53.621882
199	-54.866510
200	-55.701632
201	-55.836944
202	-55.972257
203	-56.107570
204	-56.166201
205	-56.179842
206	-56.193482
207	-56.207123
208	-56.209455
209	-56.210820
210	-56.212185
211	-56.213258
212	-56.213268
213	-56.213277
214	-56.213287
215	-56.213296
216	-56.213306
217	-56.213315
218	-56.213325
219	-56.213334
220	-56.213344
221	-56.213353
222	-56.213363
223	-56.213372
224	-56.213382
225	-56.213391
226	-56.213401
227	-56.213410
228	-56.213420
229	-56.213429
230	-56.213439
231	-56.213448
232	-56.213458
233	-56.213467
234	-56.213477
235	-56.213486
236	-56.213496
237	-56.213505
238	-56.213515
239	-56.213524
240	-56.213534
241	-56.213543
242	-56.213553
243	-56.213562
244	-56.213572
245	-56.213581
246	-56.213591
247	-56.213600
248	-56.213610
249	-56.213619
250	-56.213629
251	-56.213638
252	-56.213648
253	-56.213657
254	-56.213667
255	-56.213676
256	-56.213686
257	-56.213695
258	-56.213705
259	-56.213714
260	-56.213724
261	-56.213733
262	-56.213743
263	-56.213752
264	-56.213762
265	-56.213771
266	-56.213781
267	-56.213790
268	-56.213800
269	-56.213809
270	-56.213819
271	-56.213809
272	-56.213800
273	-56.213790
274	-56.213781
275	-56.213771
276	-56.213762
277	-56.213752
278	-56.213743
279	-56.213733
280	-56.213724
281	-56.213714
282	-56.213705
283	-56.213695
284	-56.213686
285	-56.213676
286	-56.213667
287	-56.213657
288	-56.213648
289	-56.213638
290	-56.213629
291	-56.213619
292	-56.213610
293	-56.213600
294	-56.213591
295	-56.213581
296	-56.213572
297	-56.213562
298	-56.213553
299	-56.213543
300	-56.213534
301	-56.213524
302	-56.213515
303	-56.213505
304	-56.213496
305	-56.213486
306	-56.213477
307	-56.213467
308	-56.213458
309	-56.213448
310	-56.213439
311	-56.213429
312	-56.213420
313	-56.213410
314	-56.213401
315	-56.213391
316	-56.213382
317	-56.213372
318	-56.213363
319	-56.213353
320	-56.213344
321	-56.213334
322	-56.213325
323	-56.213315
324	-56.213306
325	-56.213296
326	-56.213287
327	-56.213277
328	-56.213268
329	-56.213258
330	-56.212185
331	-56.210820
332	-56.209455
333	-56.207123
334	-56.193482
335	-56.179842
336	-56.166201
337	-56.107570
338	-55.972257
339	-55.836944
340	-55.701632
341	-54.866510
342	-53.621882
343	-52.377254
344	-51.132626
345	-48.617174
346	-44.986556
347	-40.287494
348	-35.591232
349	-30.926041
350	-26.477626
351	-22.600097
352	-19.036256
353	-15.961903
354	-13.105903
355	-10.607323
356	-8.226036
357	-6.058428
358	-3.972477
359	-1.963592
360	-0.000000
One-Conductor Voltage
0	3.972477
1	8.022021
2	12.198513
3	16.665751
4	21.331939
5	26.569226
6	32.142159
7	38.562000
8	45.513882
9	53.526138
10	62.068858
11	71.213536
12	80.577788
13	88.904668
14	96.119182
15	100.994428
16	104.754508
17	107.243764
18	109.323514
19	110.703455
20	111.673889
21	111.944515
22	112.138459
23	112.287412
24	112.359684
25	112.386965
26	112.402937
27	112.417943
28	112.421640
29	112.424078
30	112.425453
31	112.426536
32	112.426555
33	112.426574
34	112.426593
35	112.426612
36	112.426631
37	112.426650
38	112.426669
39	112.426688
40	112.426707
41	112.426726
42	112.426745
43	112.426764
44	112.426783
45	112.426802
46	112.426821
47	112.426840
48	112.426859
49	112.426878
50	112.426897
51	112.426916
52	112.426935
53	112.426954
54	112.426973
55	112.426992
56	112.427011
57	112.427030
58	112.427049
59	112.427068
60	112.427087
61	112.427106
62	112.427124
63	112.427143
64	112.427162
65	112.427181
66	112.427200
67	112.427219
68	112.427238
69	112.427257
70	112.427276
71	112.427295
72	112.427314
73	112.427333
74	112.427352
75	112.427371
76	112.427390
77	112.427409
78	112.427428
79	112.427447
80	112.427466
81	112.427485
82	112.427504
83	112.427523
84	112.427542
85	112.427561
86	112.427580
87	112.427599
88	112.427618
89	112.427618
90	112.427618
91	112.427599
92	112.427580
93	112.427561
94	112.427542
95	112.427523
96	112.427504
97	112.427485
98	112.427466
99	112.427447
100	112.427428
101	112.427409
102	112.427390
103	112.427371
104	112.427352
105	112.427333
106	112.427314
107	112.427295
108	112.427276
109	112.427257
110	112.427238
111	112.427219
112	112.427200
113	112.427181
114	112.427162
115	112.427143
116	112.427124
117	112.427106
118	112.427087
119	112.427068
120	112.427049
121	112.427030
122	112.427011
123	112.426992
124	112.426973
125	112.426954
126	112.426935
127	112.426916
128	112.426897
129	112.426878
130	112.426859
131	112.426840
132	112.426821
133	112.426802
134	112.426783
135	112.426764
136	112.426745
137	112.426726
138	112.426707
139	112.426688
140	112.426669
141	112.426650
142	112.426631
143	112.426612
144	112.426593
145	112.426574
146	112.426555
147	112.426536
148	112.425453
149	112.424078
150	112.421640
151	112.417943
152	112.402937
153	112.386965
154	112.359684
155	112.287412
156	112.138459
157	111.944515
158	111.673889
159	110.703455
160	109.323514
161	107.243764
162	104.754508
163	100.994428
164	96.119182
165	88.904668
166	80.577788
167	71.213536
168	62.068858
169	53.526138
170	45.513882
171	38.562000
172	32.142159
173	26.569226
174	21.331939
175	16.665751
176	12.198513
177	8.022021
178	3.972477
179	0.000000
180	-3.972477
181	-8.022021
182	-12.198513
183	-16.665751
184	-21.331939
185	-26.569226
186	-32.142159
187	-38.562000
188	-45.513882
189	-53.526138
190	-62.068858
191	-71.213536
192	-80.577788
193	-88.904668
194	-96.119182
195	-100.994428
196	-104.754508
197	-107.243764
198	-109.323514
199	-110.703455
200	-111.673889
201	-111.944515
202	-112.138459
203	-112.287412
204	-112.359684
205	-112.386965
206	-112.402937
207	-112.417943
208	-112.421640
209	-112.424078
210	-112.425453
211	-112.426536
212	-112.426555
213	-112.426574
214	-112.426593
215	-112.426612
216	-112.426631
217	-112.426650
218	-112.426669
219	-112.426688
220	-112.426707
221	-112.426726
222	-112.426745
223	-112.426764
224	-112.426783
225	-112.426802
226	-112.426821
227	-112.426840
228	-112.426859
229	-112.426878
230	-112.426897
231	-112.426916
232	-112.426935
233	-112.426954
234	-112.426973
235	-112.426992
236	-112.427011
237	-112.427030
238	-112.427049
239	-112.427068
240	-112.427087
241	-112.427106
242	-112.427124
243	-112.427143
244	-112.427162
245	-112.427181
246	-112.427200
247	-112.427219
248	-112.427238
249	-112.427257
250	-112.427276
251	-112.427295
252	-112.427314
253	-112.427333
254	-112.427352
255	-112.427371
256	-112.427390
257	-112.427409
258	-112.427428
259	-112.427447
260	-112.427466
261	-112.427485
262	-112.427504
263	-112.427523
264	-112.427542
265	-112.427561
266	-112.427580
267	-112.427599
268	-112.427618
269	-112.427618
270	-112.427618
271	-112.427599
272	-112.427580
273	-112.427561
274	-112.427542
275	-112.427523
276	-112.427504
277	-112.427485
278	-112.427466
279	-112.427447
280	-112.427428
281	-112.427409
282	-112.427390
283	-112.427371
284	-112.427352
285	-112.427333
286	-112.427314
287	-112.427295
288	-112.427276
289	-112.427257
290	-112.427238
291	-112.427219
292	-112.427200
293	-112.427181
294	-112.427162
295	-112.427143
296	-112.427124
297	-112.427106
298	-112.427087
299	-112.427068
300	-112.427049
301	-112.427030
302	-112.427011
303	-112.426992
304	-112.426973
305	-112.426954
306	-112.426935
307	-112.426916
308	-112.426897
309	-112.426878
310	-112.426859
311	-112.426840
312	-112.426821
313	-112.426802
314	-112.426783
315	-112.426764
316	-112.426745
317	-112.426726
318	-112.426707
319	-112.426688
320	-112.426669
321	-112.426650
322	-112.426631
323	-112.426612
324	-112.426593
325	-112.426574
326	-112.426555
327	-112.426536
328	-112.425453
329	-112.424078
330	-112.421640
331	-112.417943
332	-112.402937
333	-112.386965
334	-112.359684
335	-112.287412
336	-112.138459
337	-111.944515
338	-111.673889
339	-110.703455
340	-109.323514
341	-107.243764
342	-104.754508
343	-100.994428
344	-96.119182
345	-88.904668
346	-80.577788
347	-71.213536
348	-62.068858
349	-53.526138
350	-45.513882
351	-38.562000
352	-32.142159
353	-26.569226
354	-21.331939
355	-16.665751
356	-12.198513
357	-8.022021
358	-3.972477
359	0.000000
360	3.972477
One-Turn Voltage
