Induced Winding Voltages at No Load
Electric Degree
(Volts)
0	7809.677353
1	7961.328046
2	8109.895801
3	8252.922216
4	8388.087979
5	8520.444636
6	8646.071343
7	8764.002108
8	8876.192640
9	8981.477906
10	9074.984137
11	9161.648432
12	9235.743335
13	9295.203051
14	9345.299908
15	9377.664102
16	9399.355709
17	9415.511293
18	9428.374578
19	9435.025941
20	9439.586549
21	9441.331679
22	9442.463353
23	9443.142300
24	9443.498274
25	9443.674287
26	9443.757495
27	9443.824459
28	9443.846189
29	9443.861717
30	9443.868734
31	9443.874509
32	9443.876028
33	9443.877547
34	9443.878914
35	9443.880281
36	9443.881648
37	9443.882863
38	9443.884078
39	9443.885293
40	9443.886356
41	9443.887419
42	9443.888483
43	9443.889394
44	9443.890305
45	9443.891217
46	9443.891976
47	9443.892736
48	9443.893495
49	9443.894103
50	9443.894710
51	9443.895166
52	9443.895622
53	9443.896077
54	9443.896381
55	9443.896685
56	9443.896989
57	9443.897140
58	9443.897292
59	9443.897444
60	9443.897444
61	9443.897444
62	9443.897444
63	9443.897292
64	9443.897140
65	9443.896989
66	9443.896685
67	9443.896381
68	9443.896077
69	9443.895622
70	9443.895166
71	9443.894558
72	9443.893951
73	9443.893343
74	9443.892584
75	9443.891824
76	9443.891065
77	9443.890153
78	9443.889242
79	9443.888331
80	9443.887268
81	9443.886204
82	9443.885141
83	9443.883926
84	9443.882711
85	9443.881496
86	9443.880129
87	9443.878762
88	9443.877395
89	9443.875876
90	9443.870101
91	9443.863084
92	9443.856067
93	9443.836671
94	9443.769707
95	9443.702743
96	9443.619535
97	9443.263560
98	9442.600858
99	9441.921912
100	9440.790237
101	9436.245874
102	9430.047239
103	9423.395876
104	9410.532591
105	9389.293712
106	9363.141440
107	9326.503471
108	9276.417813
109	9217.082382
110	9143.846068
111	9059.462987
112	8967.211508
113	8863.876458
114	8752.468872
115	8635.967785
116	8510.810249
117	8378.948386
118	8243.495793
119	8100.777646
120	7952.391059
121	7795.141900
122	7633.076699
123	7468.492013
124	7294.718130
125	7104.925729
126	6913.081662
127	6710.665877
128	6499.073387
129	6283.228285
130	6055.604148
131	5818.485421
132	5572.233774
133	5314.222716
134	5042.170515
135	4765.595063
136	4479.675569
137	4185.198197
138	3889.161630
139	3588.818429
140	3286.384472
141	2979.229750
142	2669.728469
143	2362.796314
144	2054.212643
145	1732.239597
146	1414.852032
147	1094.572446
148	770.811153
149	449.696314
150	128.577219
151	-195.194530
152	-515.534063
153	-832.985442
154	-1155.067536
155	-1463.940217
156	-1771.468110
157	-2081.745091
158	-2389.982241
159	-2696.297859
160	-3002.160749
161	-3306.516238
162	-3610.950558
163	-3911.910297
164	-4207.986657
165	-4508.896837
166	-4800.215339
167	-5083.923920
168	-5357.621283
169	-5619.416221
170	-5867.310274
171	-6106.710216
172	-6334.805286
173	-6548.941011
174	-6759.682482
175	-6952.121041
176	-7134.574607
177	-7313.345699
178	-7486.792958
179	-7651.069376
180	-7809.677353
181	-7961.328046
182	-8109.895801
183	-8252.922216
184	-8388.087979
185	-8520.444636
186	-8646.071343
187	-8764.002108
188	-8876.192640
189	-8981.477906
190	-9074.984137
191	-9161.648432
192	-9235.743335
193	-9295.203051
194	-9345.299908
195	-9377.664102
196	-9399.355709
197	-9415.511293
198	-9428.374578
199	-9435.025941
200	-9439.586549
201	-9441.331679
202	-9442.463353
203	-9443.142300
204	-9443.498274
205	-9443.674287
206	-9443.757495
207	-9443.824459
208	-9443.846189
209	-9443.861717
210	-9443.868734
211	-9443.874509
212	-9443.876028
213	-9443.877547
214	-9443.878914
215	-9443.880281
216	-9443.881648
217	-9443.882863
218	-9443.884078
219	-9443.885293
220	-9443.886356
221	-9443.887419
222	-9443.888483
223	-9443.889394
224	-9443.890305
225	-9443.891217
226	-9443.891976
227	-9443.892736
228	-9443.893495
229	-9443.894103
230	-9443.894710
231	-9443.895166
232	-9443.895622
233	-9443.896077
234	-9443.896381
235	-9443.896685
236	-9443.896989
237	-9443.897140
238	-9443.897292
239	-9443.897444
240	-9443.897444
241	-9443.897444
242	-9443.897444
243	-9443.897292
244	-9443.897140
245	-9443.896989
246	-9443.896685
247	-9443.896381
248	-9443.896077
249	-9443.895622
250	-9443.895166
251	-9443.894558
252	-9443.893951
253	-9443.893343
254	-9443.892584
255	-9443.891824
256	-9443.891065
257	-9443.890153
258	-9443.889242
259	-9443.888331
260	-9443.887268
261	-9443.886204
262	-9443.885141
263	-9443.883926
264	-9443.882711
265	-9443.881496
266	-9443.880129
267	-9443.878762
268	-9443.877395
269	-9443.875876
270	-9443.870101
271	-9443.863084
272	-9443.856067
273	-9443.836671
274	-9443.769707
275	-9443.702743
276	-9443.619535
277	-9443.263560
278	-9442.600858
279	-9441.921912
280	-9440.790237
281	-9436.245874
282	-9430.047239
283	-9423.395876
284	-9410.532591
285	-9389.293712
286	-9363.141440
287	-9326.503471
288	-9276.417813
289	-9217.082382
290	-9143.846068
291	-9059.462987
292	-8967.211508
293	-8863.876458
294	-8752.468872
295	-8635.967785
296	-8510.810249
297	-8378.948386
298	-8243.495793
299	-8100.777646
300	-7952.391059
301	-7795.141900
302	-7633.076699
303	-7468.492013
304	-7294.718130
305	-7104.925729
306	-6913.081662
307	-6710.665877
308	-6499.073387
309	-6283.228285
310	-6055.604148
311	-5818.485421
312	-5572.233774
313	-5314.222716
314	-5042.170515
315	-4765.595063
316	-4479.675569
317	-4185.198197
318	-3889.161630
319	-3588.818429
320	-3286.384472
321	-2979.229750
322	-2669.728469
323	-2362.796314
324	-2054.212643
325	-1732.239597
326	-1414.852032
327	-1094.572446
328	-770.811153
329	-449.696314
330	-128.577219
331	195.194530
332	515.534063
333	832.985442
334	1155.067536
335	1463.940217
336	1771.468110
337	2081.745091
338	2389.982241
339	2696.297859
340	3002.160749
341	3306.516238
342	3610.950558
343	3911.910297
344	4207.986657
345	4508.896837
346	4800.215339
347	5083.923920
348	5357.621283
349	5619.416221
350	5867.310274
351	6106.710216
352	6334.805286
353	6548.941011
354	6759.682482
355	6952.121041
356	7134.574607
357	7313.345699
358	7486.792958
359	7651.069376
360	7809.677353
Phase Voltage
0	-142.713706
1	166.186146
2	476.819102
3	784.430203
4	1093.369849
5	1415.518907
6	1732.989681
7	2053.336231
8	2377.119253
9	2698.249621
10	3019.379989
11	3343.163011
12	3663.509561
13	3980.980335
14	4303.129393
15	4612.069039
16	4919.680140
17	5230.313096
18	5539.212948
19	5846.207512
20	6153.202077
21	6462.101929
22	6772.734884
23	7080.345986
24	7389.285631
25	7711.434690
26	8028.905463
27	8349.252013
28	8673.035035
29	8994.165403
30	9315.291516
31	9639.069039
32	9959.410091
33	10276.862988
34	10598.946449
35	10907.820498
36	11215.349758
37	11525.627954
38	11833.866319
39	12140.183152
40	12446.047105
41	12750.403657
42	13054.839041
43	13355.799691
44	13651.876963
45	13952.788054
46	14244.107315
47	14527.816655
48	14801.514778
49	15063.310324
50	15311.204984
51	15550.605382
52	15778.700908
53	15992.837088
54	16203.578863
55	16396.017726
56	16578.471595
57	16757.242840
58	16930.690250
59	17094.966820
60	17253.574798
61	17405.225490
62	17553.793245
63	17696.819509
64	17831.985119
65	17964.341625
66	18089.968028
67	18207.898489
68	18320.088717
69	18425.373527
70	18518.879303
71	18605.542990
72	18679.637285
73	18739.096394
74	18789.192492
75	18821.555926
76	18843.246774
77	18859.401446
78	18872.263820
79	18878.914272
80	18883.473816
81	18885.217883
82	18886.348494
83	18887.026226
84	18887.380985
85	18887.555782
86	18887.637624
87	18887.703221
88	18887.723583
89	18887.737593
90	18887.738836
91	18887.737593
92	18887.732094
93	18887.714218
94	18887.648621
95	18887.583024
96	18887.501182
97	18887.146423
98	18886.484936
99	18885.807205
100	18884.676593
101	18880.133293
102	18873.935721
103	18867.285270
104	18854.422896
105	18833.184928
106	18807.033416
107	18770.396207
108	18720.311308
109	18660.976485
110	18587.740778
111	18503.358153
112	18411.107129
113	18307.772536
114	18196.365253
115	18079.864469
116	17954.707237
117	17822.845526
118	17687.393085
119	17544.675090
120	17396.288503
121	17239.039344
122	17076.974144
123	16912.389305
124	16738.615270
125	16548.822717
126	16356.978347
127	16154.562258
128	15942.969464
129	15727.123906
130	15499.499314
131	15262.379980
132	15016.127724
133	14758.116059
134	14486.063099
135	14209.486888
136	13923.566634
137	13629.088351
138	13333.050873
139	13032.706760
140	12730.271740
141	12423.115954
142	12113.613610
143	11806.680240
144	11498.095354
145	11176.121093
146	10858.732161
147	10538.451208
148	10214.688548
149	9893.572190
150	9572.447320
151	9248.668554
152	8928.322003
153	8610.851230
154	8288.702172
155	7979.762526
156	7672.151424
157	7361.518469
158	7052.618617
159	6745.624052
160	6438.629488
161	6129.729636
162	5819.096681
163	5511.485579
164	5202.545933
165	4880.396875
166	4562.926101
167	4242.579551
168	3918.796529
169	3597.666161
170	3276.535793
171	2952.752771
172	2632.406221
173	2314.935448
174	1992.786389
175	1683.846744
176	1376.235642
177	1065.602687
178	756.702835
179	449.708270
180	142.713706
181	-166.186146
182	-476.819102
183	-784.430203
184	-1093.369849
185	-1415.518907
186	-1732.989681
187	-2053.336231
188	-2377.119253
189	-2698.249621
190	-3019.379989
191	-3343.163011
192	-3663.509561
193	-3980.980335
194	-4303.129393
195	-4612.069039
196	-4919.680140
197	-5230.313096
198	-5539.212948
199	-5846.207512
200	-6153.202077
201	-6462.101929
202	-6772.734884
203	-7080.345986
204	-7389.285631
205	-7711.434690
206	-8028.905463
207	-8349.252013
208	-8673.035035
209	-8994.165403
210	-9315.291516
211	-9639.069039
212	-9959.410091
213	-10276.862988
214	-10598.946449
215	-10907.820498
216	-11215.349758
217	-11525.627954
218	-11833.866319
219	-12140.183152
220	-12446.047105
221	-12750.403657
222	-13054.839041
223	-13355.799691
224	-13651.876963
225	-13952.788054
226	-14244.107315
227	-14527.816655
228	-14801.514778
229	-15063.310324
230	-15311.204984
231	-15550.605382
232	-15778.700908
233	-15992.837088
234	-16203.578863
235	-16396.017726
236	-16578.471595
237	-16757.242840
238	-16930.690250
239	-17094.966820
240	-17253.574798
241	-17405.225490
242	-17553.793245
243	-17696.819509
244	-17831.985119
245	-17964.341625
246	-18089.968028
247	-18207.898489
248	-18320.088717
249	-18425.373527
250	-18518.879303
251	-18605.542990
252	-18679.637285
253	-18739.096394
254	-18789.192492
255	-18821.555926
256	-18843.246774
257	-18859.401446
258	-18872.263820
259	-18878.914272
260	-18883.473816
261	-18885.217883
262	-18886.348494
263	-18887.026226
264	-18887.380985
265	-18887.555782
266	-18887.637624
267	-18887.703221
268	-18887.723583
269	-18887.737593
270	-18887.738836
271	-18887.737593
272	-18887.732094
273	-18887.714218
274	-18887.648621
275	-18887.583024
276	-18887.501182
277	-18887.146423
278	-18886.484936
279	-18885.807205
280	-18884.676593
281	-18880.133293
282	-18873.935721
283	-18867.285270
284	-18854.422896
285	-18833.184928
286	-18807.033416
287	-18770.396207
288	-18720.311308
289	-18660.976485
290	-18587.740778
291	-18503.358153
292	-18411.107129
293	-18307.772536
294	-18196.365253
295	-18079.864469
296	-17954.707237
297	-17822.845526
298	-17687.393085
299	-17544.675090
300	-17396.288503
301	-17239.039344
302	-17076.974144
303	-16912.389305
304	-16738.615270
305	-16548.822717
306	-16356.978347
307	-16154.562258
308	-15942.969464
309	-15727.123906
310	-15499.499314
311	-15262.379980
312	-15016.127724
313	-14758.116059
314	-14486.063099
315	-14209.486888
316	-13923.566634
317	-13629.088351
318	-13333.050873
319	-13032.706760
320	-12730.271740
321	-12423.115954
322	-12113.613610
323	-11806.680240
324	-11498.095354
325	-11176.121093
326	-10858.732161
327	-10538.451208
328	-10214.688548
329	-9893.572190
330	-9572.447320
331	-9248.668554
332	-8928.322003
333	-8610.851230
334	-8288.702172
335	-7979.762526
336	-7672.151424
337	-7361.518469
338	-7052.618617
339	-6745.624052
340	-6438.629488
341	-6129.729636
342	-5819.096681
343	-5511.485579
344	-5202.545933
345	-4880.396875
346	-4562.926101
347	-4242.579551
348	-3918.796529
349	-3597.666161
350	-3276.535793
351	-2952.752771
352	-2632.406221
353	-2314.935448
354	-1992.786389
355	-1683.846744
356	-1376.235642
357	-1065.602687
358	-756.702835
359	-449.708270
360	-142.713706
Line Voltage
