PhaseB
  5 10
  0.00011
  0  -5967.64  -3.22322  -0.639129  -5892.53  
  0.00012
  0  -5997.63  -3.52479  -0.698352  -5922.3  
  0.00013
  0  -6027.57  -3.82745  -0.757873  -5952.04  
  0.00014
  0  -6057.45  -4.13171  -0.817689  -5981.63  
  0.00015
  0  -6087.27  -4.43722  -0.877801  -6011.22  
  0.00016
  0  -6117.02  -4.74391  -0.938209  -6040.77  
  0.00017
  0  -6146.72  -5.05168  -0.998912  -6070.28  
  0.00018
  0  -6176.36  -5.35903  -1.05991  -6100.03  
  0.00019
  0  -6205.94  -5.6702  -1.1212  -6128.87  
  0.0002
  0  -6235.45  -5.98144  -1.18278  -6158.4  
