PhaseA
  5 10
  0.00011
  0  -5293.34  -3.79386  19.6098  -5241.15  
  0.00012
  0  -5262.06  -4.13144  19.5577  -5210.15  
  0.00013
  0  -5230.73  -4.46753  19.5059  -5179.15  
  0.00014
  0  -5199.36  -4.80251  19.4544  -5148.01  
  0.00015
  0  -5167.93  -5.13609  19.4032  -5116.89  
  0.00016
  0  -5136.44  -5.46824  19.3524  -5085.71  
  0.00017
  0  -5104.91  -5.79885  19.3018  -5054.51  
  0.00018
  0  -5073.33  -6.12703  19.2516  -5023.44  
  0.00019
  0  -5041.7  -6.4552  19.2017  -4991.83  
  0.0002
  0  -5010.02  -6.7809  19.1521  -4960.66  
