PhaseC
  5 10
  0.00011
  0  11261  4.72182  21.4265  11176  
  0.00012
  0  11259.7  5.1491  21.5383  11174.8  
  0.00013
  0  11258.3  5.57595  21.65  11173.6  
  0.00014
  0  11256.8  6.00257  21.7617  11172.2  
  0.00015
  0  11255.2  6.42898  21.8734  11170.7  
  0.00016
  0  11253.5  6.85504  21.9851  11169.1  
  0.00017
  0  11251.6  7.28076  22.0968  11167.4  
  0.00018
  0  11249.7  7.70585  22.2084  11165.6  
  0.00019
  0  11247.6  8.13122  22.3201  11163.5  
  0.0002
  0  11245.5  8.5561  22.4317  11161.5  
